/*--------------------------------*- C++ -*----------------------------------*\
| =========                 |                                                 |
| \\      /  F ield         | OpenFOAM: The Open Source CFD Toolbox           |
|  \\    /   O peration     | Version:  2.3.1                                 |
|   \\  /    A nd           | Web:      www.OpenFOAM.org                      |
|    \\/     M anipulation  |                                                 |
\*---------------------------------------------------------------------------*/
FoamFile
{
    version     2.0;
    format      ascii;
    class       vectorField;
    location    "constant/polyMesh";
    object      points;
}
// * * * * * * * * * * * * * * * * * * * * * * * * * * * * * * * * * * * * * //


4686
(
(-40 -31 0)
(-38 -31 0)
(-36 -31 0)
(-34 -31 0)
(-32 -31 0)
(-30 -31 0)
(-28 -31 0)
(-26 -31 0)
(-24 -31 0)
(-22 -31 0)
(-20 -31 0)
(-18 -31 0)
(-16 -31 0)
(-14 -31 0)
(-12 -31 0)
(-10 -31 0)
(-8 -31 0)
(-6 -31 0)
(-4 -31 0)
(-2 -31 0)
(-2.368475786e-15 -31 0)
(2 -31 0)
(4 -31 0)
(6 -31 0)
(8 -31 0)
(10 -31 0)
(12 -31 0)
(14 -31 0)
(16 -31 0)
(18 -31 0)
(20 -31 0)
(22 -31 0)
(24 -31 0)
(26 -31 0)
(28 -31 0)
(30 -31 0)
(32 -31 0)
(34 -31 0)
(36 -31 0)
(38 -31 0)
(40 -31 0)
(42 -31 0)
(44 -31 0)
(46 -31 0)
(48 -31 0)
(50 -31 0)
(52 -31 0)
(54 -31 0)
(56 -31 0)
(58 -31 0)
(60 -31 0)
(62 -31 0)
(64 -31 0)
(66 -31 0)
(68 -31 0)
(70 -31 0)
(72 -31 0)
(74 -31 0)
(76 -31 0)
(78 -31 0)
(80 -31 0)
(82 -31 0)
(84 -31 0)
(86 -31 0)
(88 -31 0)
(90 -31 0)
(92 -31 0)
(94 -31 0)
(96 -31 0)
(98 -31 0)
(100 -31 0)
(-40 -29 0)
(-38 -29 0)
(-36 -29 0)
(-34 -29 0)
(-32 -29 0)
(-30 -29 0)
(-28 -29 0)
(-26 -29 0)
(-24 -29 0)
(-22 -29 0)
(-20 -29 0)
(-18 -29 0)
(-16 -29 0)
(-14 -29 0)
(-12 -29 0)
(-10 -29 0)
(-8 -29 0)
(-6 -29 0)
(-4 -29 0)
(-2 -29 0)
(-2.40548322e-15 -29 0)
(2 -29 0)
(4 -29 0)
(6 -29 0)
(8 -29 0)
(10 -29 0)
(12 -29 0)
(14 -29 0)
(16 -29 0)
(18 -29 0)
(20 -29 0)
(22 -29 0)
(24 -29 0)
(26 -29 0)
(28 -29 0)
(30 -29 0)
(32 -29 0)
(34 -29 0)
(36 -29 0)
(38 -29 0)
(40 -29 0)
(42 -29 0)
(44 -29 0)
(46 -29 0)
(48 -29 0)
(50 -29 0)
(52 -29 0)
(54 -29 0)
(56 -29 0)
(58 -29 0)
(60 -29 0)
(62 -29 0)
(64 -29 0)
(66 -29 0)
(68 -29 0)
(70 -29 0)
(72 -29 0)
(74 -29 0)
(76 -29 0)
(78 -29 0)
(80 -29 0)
(82 -29 0)
(84 -29 0)
(86 -29 0)
(88 -29 0)
(90 -29 0)
(92 -29 0)
(94 -29 0)
(96 -29 0)
(98 -29 0)
(100 -29 0)
(-40 -27 0)
(-38 -27 0)
(-36 -27 0)
(-34 -27 0)
(-32 -27 0)
(-30 -27 0)
(-28 -27 0)
(-26 -27 0)
(-24 -27 0)
(-22 -27 0)
(-20 -27 0)
(-18 -27 0)
(-16 -27 0)
(-14 -27 0)
(-12 -27 0)
(-10 -27 0)
(-8 -27 0)
(-6 -27 0)
(-4 -27 0)
(-2 -27 0)
(-2.442490654e-15 -27 0)
(2 -27 0)
(4 -27 0)
(6 -27 0)
(8 -27 0)
(10 -27 0)
(12 -27 0)
(14 -27 0)
(16 -27 0)
(18 -27 0)
(20 -27 0)
(22 -27 0)
(24 -27 0)
(26 -27 0)
(28 -27 0)
(30 -27 0)
(32 -27 0)
(34 -27 0)
(36 -27 0)
(38 -27 0)
(40 -27 0)
(42 -27 0)
(44 -27 0)
(46 -27 0)
(48 -27 0)
(50 -27 0)
(52 -27 0)
(54 -27 0)
(56 -27 0)
(58 -27 0)
(60 -27 0)
(62 -27 0)
(64 -27 0)
(66 -27 0)
(68 -27 0)
(70 -27 0)
(72 -27 0)
(74 -27 0)
(76 -27 0)
(78 -27 0)
(80 -27 0)
(82 -27 0)
(84 -27 0)
(86 -27 0)
(88 -27 0)
(90 -27 0)
(92 -27 0)
(94 -27 0)
(96 -27 0)
(98 -27 0)
(100 -27 0)
(-40 -25 0)
(-38 -25 0)
(-36 -25 0)
(-34 -25 0)
(-32 -25 0)
(-30 -25 0)
(-28 -25 0)
(-26 -25 0)
(-24 -25 0)
(-22 -25 0)
(-20 -25 0)
(-18 -25 0)
(-16 -25 0)
(-14 -25 0)
(-12 -25 0)
(-10 -25 0)
(-8 -25 0)
(-6 -25 0)
(-4 -25 0)
(-2 -25 0)
(-3.552713679e-15 -25 0)
(2 -25 0)
(4 -25 0)
(6 -25 0)
(8 -25 0)
(10 -25 0)
(12 -25 0)
(14 -25 0)
(16 -25 0)
(18 -25 0)
(20 -25 0)
(22 -25 0)
(24 -25 0)
(26 -25 0)
(28 -25 0)
(30 -25 0)
(32 -25 0)
(34 -25 0)
(36 -25 0)
(38 -25 0)
(40 -25 0)
(42 -25 0)
(44 -25 0)
(46 -25 0)
(48 -25 0)
(50 -25 0)
(52 -25 0)
(54 -25 0)
(56 -25 0)
(58 -25 0)
(60 -25 0)
(62 -25 0)
(64 -25 0)
(66 -25 0)
(68 -25 0)
(70 -25 0)
(72 -25 0)
(74 -25 0)
(76 -25 0)
(78 -25 0)
(80 -25 0)
(82 -25 0)
(84 -25 0)
(86 -25 0)
(88 -25 0)
(90 -25 0)
(92 -25 0)
(94 -25 0)
(96 -25 0)
(98 -25 0)
(100 -25 0)
(-40 -23 0)
(-38 -23 0)
(-36 -23 0)
(-34 -23 0)
(-32 -23 0)
(-30 -23 0)
(-28 -23 0)
(-26 -23 0)
(-24 -23 0)
(-22 -23 0)
(-20 -23 0)
(-18 -23 0)
(-16 -23 0)
(-14 -23 0)
(-12 -23 0)
(-10 -23 0)
(-8 -23 0)
(-6 -23 0)
(-4 -23 0)
(-2 -23 0)
(-1.33226763e-15 -23 0)
(2 -23 0)
(4 -23 0)
(6 -23 0)
(8 -23 0)
(10 -23 0)
(12 -23 0)
(14 -23 0)
(16 -23 0)
(18 -23 0)
(20 -23 0)
(22 -23 0)
(24 -23 0)
(26 -23 0)
(28 -23 0)
(30 -23 0)
(32 -23 0)
(34 -23 0)
(36 -23 0)
(38 -23 0)
(40 -23 0)
(42 -23 0)
(44 -23 0)
(46 -23 0)
(48 -23 0)
(50 -23 0)
(52 -23 0)
(54 -23 0)
(56 -23 0)
(58 -23 0)
(60 -23 0)
(62 -23 0)
(64 -23 0)
(66 -23 0)
(68 -23 0)
(70 -23 0)
(72 -23 0)
(74 -23 0)
(76 -23 0)
(78 -23 0)
(80 -23 0)
(82 -23 0)
(84 -23 0)
(86 -23 0)
(88 -23 0)
(90 -23 0)
(92 -23 0)
(94 -23 0)
(96 -23 0)
(98 -23 0)
(100 -23 0)
(-40 -21 0)
(-38 -21 0)
(-36 -21 0)
(-34 -21 0)
(-32 -21 0)
(-30 -21 0)
(-28 -21 0)
(-26 -21 0)
(-24 -21 0)
(-22 -21 0)
(-20 -21 0)
(-18 -21 0)
(-16 -21 0)
(-14 -21 0)
(-12 -21 0)
(-10 -21 0)
(-8 -21 0)
(-6 -21 0)
(-4 -21 0)
(-2 -21 0)
(-1.480297366e-15 -21 0)
(2 -21 0)
(4 -21 0)
(6 -21 0)
(8 -21 0)
(10 -21 0)
(12 -21 0)
(14 -21 0)
(16 -21 0)
(18 -21 0)
(20 -21 0)
(22 -21 0)
(24 -21 0)
(26 -21 0)
(28 -21 0)
(30 -21 0)
(32 -21 0)
(34 -21 0)
(36 -21 0)
(38 -21 0)
(40 -21 0)
(42 -21 0)
(44 -21 0)
(46 -21 0)
(48 -21 0)
(50 -21 0)
(52 -21 0)
(54 -21 0)
(56 -21 0)
(58 -21 0)
(60 -21 0)
(62 -21 0)
(64 -21 0)
(66 -21 0)
(68 -21 0)
(70 -21 0)
(72 -21 0)
(74 -21 0)
(76 -21 0)
(78 -21 0)
(80 -21 0)
(82 -21 0)
(84 -21 0)
(86 -21 0)
(88 -21 0)
(90 -21 0)
(92 -21 0)
(94 -21 0)
(96 -21 0)
(98 -21 0)
(100 -21 0)
(-40 -19 0)
(-38 -19 0)
(-36 -19 0)
(-34 -19 0)
(-32 -19 0)
(-30 -19 0)
(-28 -19 0)
(-26 -19 0)
(-24 -19 0)
(-22 -19 0)
(-20 -19 0)
(-18 -19 0)
(-16 -19 0)
(-14 -19 0)
(-12 -19 0)
(-10 -19 0)
(-8 -19 0)
(-6 -19 0)
(-4 -19 0)
(-2 -19 0)
(-2.368475786e-15 -19 0)
(2 -19 0)
(4 -19 0)
(6 -19 0)
(8 -19 0)
(10 -19 0)
(12 -19 0)
(14 -19 0)
(16 -19 0)
(18 -19 0)
(20 -19 0)
(22 -19 0)
(24 -19 0)
(26 -19 0)
(28 -19 0)
(30 -19 0)
(32 -19 0)
(34 -19 0)
(36 -19 0)
(38 -19 0)
(40 -19 0)
(42 -19 0)
(44 -19 0)
(46 -19 0)
(48 -19 0)
(50 -19 0)
(52 -19 0)
(54 -19 0)
(56 -19 0)
(58 -19 0)
(60 -19 0)
(62 -19 0)
(64 -19 0)
(66 -19 0)
(68 -19 0)
(70 -19 0)
(72 -19 0)
(74 -19 0)
(76 -19 0)
(78 -19 0)
(80 -19 0)
(82 -19 0)
(84 -19 0)
(86 -19 0)
(88 -19 0)
(90 -19 0)
(92 -19 0)
(94 -19 0)
(96 -19 0)
(98 -19 0)
(100 -19 0)
(-40 -17 0)
(-38 -17 0)
(-36 -17 0)
(-34 -17 0)
(-32 -17 0)
(-30 -17 0)
(-28 -17 0)
(-26 -17 0)
(-24 -17 0)
(-22 -17 0)
(-20 -17 0)
(-18 -17 0)
(-16 -17 0)
(-14 -17 0)
(-12 -17 0)
(-10 -17 0)
(-8 -17 0)
(-6 -17 0)
(-4 -17 0)
(-2 -17 0)
(-2.368475786e-15 -17 0)
(2 -17 0)
(4 -17 0)
(6 -17 0)
(8 -17 0)
(10 -17 0)
(12 -17 0)
(14 -17 0)
(16 -17 0)
(18 -17 0)
(20 -17 0)
(22 -17 0)
(24 -17 0)
(26 -17 0)
(28 -17 0)
(30 -17 0)
(32 -17 0)
(34 -17 0)
(36 -17 0)
(38 -17 0)
(40 -17 0)
(42 -17 0)
(44 -17 0)
(46 -17 0)
(48 -17 0)
(50 -17 0)
(52 -17 0)
(54 -17 0)
(56 -17 0)
(58 -17 0)
(60 -17 0)
(62 -17 0)
(64 -17 0)
(66 -17 0)
(68 -17 0)
(70 -17 0)
(72 -17 0)
(74 -17 0)
(76 -17 0)
(78 -17 0)
(80 -17 0)
(82 -17 0)
(84 -17 0)
(86 -17 0)
(88 -17 0)
(90 -17 0)
(92 -17 0)
(94 -17 0)
(96 -17 0)
(98 -17 0)
(100 -17 0)
(-40 -15 0)
(-38 -15 0)
(-36 -15 0)
(-34 -15 0)
(-32 -15 0)
(-30 -15 0)
(-28 -15 0)
(-26 -15 0)
(-24 -15 0)
(-22 -15 0)
(-20 -15 0)
(-18 -15 0)
(-16 -15 0)
(-14 -15 0)
(-12 -15 0)
(-10 -15 0)
(-8 -15 0)
(-6 -15 0)
(-4 -15 0)
(-2 -15 0)
(-1.480297366e-15 -15 0)
(2 -15 0)
(4 -15 0)
(6 -15 0)
(8 -15 0)
(10 -15 0)
(12 -15 0)
(14 -15 0)
(16 -15 0)
(18 -15 0)
(20 -15 0)
(22 -15 0)
(24 -15 0)
(26 -15 0)
(28 -15 0)
(30 -15 0)
(32 -15 0)
(34 -15 0)
(36 -15 0)
(38 -15 0)
(40 -15 0)
(42 -15 0)
(44 -15 0)
(46 -15 0)
(48 -15 0)
(50 -15 0)
(52 -15 0)
(54 -15 0)
(56 -15 0)
(58 -15 0)
(60 -15 0)
(62 -15 0)
(64 -15 0)
(66 -15 0)
(68 -15 0)
(70 -15 0)
(72 -15 0)
(74 -15 0)
(76 -15 0)
(78 -15 0)
(80 -15 0)
(82 -15 0)
(84 -15 0)
(86 -15 0)
(88 -15 0)
(90 -15 0)
(92 -15 0)
(94 -15 0)
(96 -15 0)
(98 -15 0)
(100 -15 0)
(-40 -13 0)
(-38 -13 0)
(-36 -13 0)
(-34 -13 0)
(-32 -13 0)
(-30 -13 0)
(-28 -13 0)
(-26 -13 0)
(-24 -13 0)
(-22 -13 0)
(-20 -13 0)
(-18 -13 0)
(-16 -13 0)
(-14 -13 0)
(-12 -13 0)
(-10 -13 0)
(-8 -13 0)
(-6 -13 0)
(-4 -13 0)
(-2 -13 0)
(-4.144832625e-15 -13 0)
(2 -13 0)
(4 -13 0)
(6 -13 0)
(8 -13 0)
(10 -13 0)
(12 -13 0)
(14 -13 0)
(16 -13 0)
(18 -13 0)
(20 -13 0)
(22 -13 0)
(24 -13 0)
(26 -13 0)
(28 -13 0)
(30 -13 0)
(32 -13 0)
(34 -13 0)
(36 -13 0)
(38 -13 0)
(40 -13 0)
(42 -13 0)
(44 -13 0)
(46 -13 0)
(48 -13 0)
(50 -13 0)
(52 -13 0)
(54 -13 0)
(56 -13 0)
(58 -13 0)
(60 -13 0)
(62 -13 0)
(64 -13 0)
(66 -13 0)
(68 -13 0)
(70 -13 0)
(72 -13 0)
(74 -13 0)
(76 -13 0)
(78 -13 0)
(80 -13 0)
(82 -13 0)
(84 -13 0)
(86 -13 0)
(88 -13 0)
(90 -13 0)
(92 -13 0)
(94 -13 0)
(96 -13 0)
(98 -13 0)
(100 -13 0)
(-40 -11 0)
(-38 -11 0)
(-36 -11 0)
(-34 -11 0)
(-32 -11 0)
(-30 -11 0)
(-28 -11 0)
(-26 -11 0)
(-24 -11 0)
(-22 -11 0)
(-20 -11 0)
(-18 -11 0)
(-16 -11 0)
(-14 -11 0)
(-12 -11 0)
(-10 -11 0)
(-8 -11 0)
(-6 -11 0)
(-4 -11 0)
(-2 -11 0)
(-2.960594732e-15 -11 0)
(2 -11 0)
(4 -11 0)
(6 -11 0)
(8 -11 0)
(10 -11 0)
(12 -11 0)
(14 -11 0)
(16 -11 0)
(18 -11 0)
(20 -11 0)
(22 -11 0)
(24 -11 0)
(26 -11 0)
(28 -11 0)
(30 -11 0)
(32 -11 0)
(34 -11 0)
(36 -11 0)
(38 -11 0)
(40 -11 0)
(42 -11 0)
(44 -11 0)
(46 -11 0)
(48 -11 0)
(50 -11 0)
(52 -11 0)
(54 -11 0)
(56 -11 0)
(58 -11 0)
(60 -11 0)
(62 -11 0)
(64 -11 0)
(66 -11 0)
(68 -11 0)
(70 -11 0)
(72 -11 0)
(74 -11 0)
(76 -11 0)
(78 -11 0)
(80 -11 0)
(82 -11 0)
(84 -11 0)
(86 -11 0)
(88 -11 0)
(90 -11 0)
(92 -11 0)
(94 -11 0)
(96 -11 0)
(98 -11 0)
(100 -11 0)
(-40 -9 0)
(-38 -9 0)
(-36 -9 0)
(-34 -9 0)
(-32 -9 0)
(-30 -9 0)
(-28 -9 0)
(-26 -9 0)
(-24 -9 0)
(-22 -9 0)
(-20 -9 0)
(-18 -9 0)
(-16 -9 0)
(-14 -9 0)
(-12 -9 0)
(-10 -9 0)
(-8 -9 0)
(-6 -9 0)
(-4 -9 0)
(-2 -9 0)
(-1.776356839e-15 -9 0)
(2 -9 0)
(4 -9 0)
(6 -9 0)
(8 -9 0)
(10 -9 0)
(12 -9 0)
(14 -9 0)
(16 -9 0)
(18 -9 0)
(20 -9 0)
(22 -9 0)
(24 -9 0)
(26 -9 0)
(28 -9 0)
(30 -9 0)
(32 -9 0)
(34 -9 0)
(36 -9 0)
(38 -9 0)
(40 -9 0)
(42 -9 0)
(44 -9 0)
(46 -9 0)
(48 -9 0)
(50 -9 0)
(52 -9 0)
(54 -9 0)
(56 -9 0)
(58 -9 0)
(60 -9 0)
(62 -9 0)
(64 -9 0)
(66 -9 0)
(68 -9 0)
(70 -9 0)
(72 -9 0)
(74 -9 0)
(76 -9 0)
(78 -9 0)
(80 -9 0)
(82 -9 0)
(84 -9 0)
(86 -9 0)
(88 -9 0)
(90 -9 0)
(92 -9 0)
(94 -9 0)
(96 -9 0)
(98 -9 0)
(100 -9 0)
(-40 -7 0)
(-38 -7 0)
(-36 -7 0)
(-34 -7 0)
(-32 -7 0)
(-30 -7 0)
(-28 -7 0)
(-26 -7 0)
(-24 -7 0)
(-22 -7 0)
(-20 -7 0)
(-18 -7 0)
(-16 -7 0)
(-14 -7 0)
(-12 -7 0)
(-10 -7 0)
(-8 -7 0)
(-6 -7 0)
(-4 -7 0)
(-2 -7 0)
(-2.368475786e-15 -7 0)
(2 -7 0)
(4 -7 0)
(6 -7 0)
(8 -7 0)
(10 -7 0)
(12 -7 0)
(14 -7 0)
(16 -7 0)
(18 -7 0)
(20 -7 0)
(22 -7 0)
(24 -7 0)
(26 -7 0)
(28 -7 0)
(30 -7 0)
(32 -7 0)
(34 -7 0)
(36 -7 0)
(38 -7 0)
(40 -7 0)
(42 -7 0)
(44 -7 0)
(46 -7 0)
(48 -7 0)
(50 -7 0)
(52 -7 0)
(54 -7 0)
(56 -7 0)
(58 -7 0)
(60 -7 0)
(62 -7 0)
(64 -7 0)
(66 -7 0)
(68 -7 0)
(70 -7 0)
(72 -7 0)
(74 -7 0)
(76 -7 0)
(78 -7 0)
(80 -7 0)
(82 -7 0)
(84 -7 0)
(86 -7 0)
(88 -7 0)
(90 -7 0)
(92 -7 0)
(94 -7 0)
(96 -7 0)
(98 -7 0)
(100 -7 0)
(-40 -5 0)
(-38 -5 0)
(-36 -5 0)
(-34 -5 0)
(-32 -5 0)
(-30 -5 0)
(-28 -5 0)
(-26 -5 0)
(-24 -5 0)
(-22 -5 0)
(-20 -5 0)
(-18 -5 0)
(-16 -5 0)
(-14 -5 0)
(-12 -5 0)
(-10 -5 0)
(-8 -5 0)
(-6 -5 0)
(-4 -5 0)
(-2 -5 0)
(-2.960594732e-15 -5 0)
(2 -5 0)
(4 -5 0)
(6 -5 0)
(8 -5 0)
(10 -5 0)
(12 -5 0)
(14 -5 0)
(16 -5 0)
(18 -5 0)
(20 -5 0)
(22 -5 0)
(24 -5 0)
(26 -5 0)
(28 -5 0)
(30 -5 0)
(32 -5 0)
(34 -5 0)
(36 -5 0)
(38 -5 0)
(40 -5 0)
(42 -5 0)
(44 -5 0)
(46 -5 0)
(48 -5 0)
(50 -5 0)
(52 -5 0)
(54 -5 0)
(56 -5 0)
(58 -5 0)
(60 -5 0)
(62 -5 0)
(64 -5 0)
(66 -5 0)
(68 -5 0)
(70 -5 0)
(72 -5 0)
(74 -5 0)
(76 -5 0)
(78 -5 0)
(80 -5 0)
(82 -5 0)
(84 -5 0)
(86 -5 0)
(88 -5 0)
(90 -5 0)
(92 -5 0)
(94 -5 0)
(96 -5 0)
(98 -5 0)
(100 -5 0)
(-40 -3 0)
(-38 -3 0)
(-36 -3 0)
(-34 -3 0)
(-32 -3 0)
(-30 -3 0)
(-28 -3 0)
(-26 -3 0)
(-24 -3 0)
(-22 -3 0)
(-20 -3 0)
(-18 -3 0)
(-16 -3 0)
(-14 -3 0)
(-12 -3 0)
(-10 -3 0)
(-8 -3 0)
(-6 -3 0)
(-4 -3 0)
(-2 -3 0)
(-2.368475786e-15 -3 0)
(2 -3 0)
(4 -3 0)
(6 -3 0)
(8 -3 0)
(10 -3 0)
(12 -3 0)
(14 -3 0)
(16 -3 0)
(18 -3 0)
(20 -3 0)
(22 -3 0)
(24 -3 0)
(26 -3 0)
(28 -3 0)
(30 -3 0)
(32 -3 0)
(34 -3 0)
(36 -3 0)
(38 -3 0)
(40 -3 0)
(42 -3 0)
(44 -3 0)
(46 -3 0)
(48 -3 0)
(50 -3 0)
(52 -3 0)
(54 -3 0)
(56 -3 0)
(58 -3 0)
(60 -3 0)
(62 -3 0)
(64 -3 0)
(66 -3 0)
(68 -3 0)
(70 -3 0)
(72 -3 0)
(74 -3 0)
(76 -3 0)
(78 -3 0)
(80 -3 0)
(82 -3 0)
(84 -3 0)
(86 -3 0)
(88 -3 0)
(90 -3 0)
(92 -3 0)
(94 -3 0)
(96 -3 0)
(98 -3 0)
(100 -3 0)
(-40 -1 0)
(-38 -1 0)
(-36 -1 0)
(-34 -1 0)
(-32 -1 0)
(-30 -1 0)
(-28 -1 0)
(-26 -1 0)
(-24 -1 0)
(-22 -1 0)
(-20 -1 0)
(-18 -1 0)
(-16 -1 0)
(-14 -1 0)
(-12 -1 0)
(-10 -1 0)
(-8 -1 0)
(-6 -1 0)
(-4 -1 0)
(-2 -1 0)
(-1.776356839e-15 -1 0)
(2 -1 0)
(4 -1 0)
(6 -1 0)
(8 -1 0)
(10 -1 0)
(12 -1 0)
(14 -1 0)
(16 -1 0)
(18 -1 0)
(20 -1 0)
(22 -1 0)
(24 -1 0)
(26 -1 0)
(28 -1 0)
(30 -1 0)
(32 -1 0)
(34 -1 0)
(36 -1 0)
(38 -1 0)
(40 -1 0)
(42 -1 0)
(44 -1 0)
(46 -1 0)
(48 -1 0)
(50 -1 0)
(52 -1 0)
(54 -1 0)
(56 -1 0)
(58 -1 0)
(60 -1 0)
(62 -1 0)
(64 -1 0)
(66 -1 0)
(68 -1 0)
(70 -1 0)
(72 -1 0)
(74 -1 0)
(76 -1 0)
(78 -1 0)
(80 -1 0)
(82 -1 0)
(84 -1 0)
(86 -1 0)
(88 -1 0)
(90 -1 0)
(92 -1 0)
(94 -1 0)
(96 -1 0)
(98 -1 0)
(100 -1 0)
(-40 1 0)
(-38 1 0)
(-36 1 0)
(-34 1 0)
(-32 1 0)
(-30 1 0)
(-28 1 0)
(-26 1 0)
(-24 1 0)
(-22 1 0)
(-20 1 0)
(-18 1 0)
(-16 1 0)
(-14 1 0)
(-12 1 0)
(-10 1 0)
(-8 1 0)
(-6 1 0)
(-4 1 0)
(-2 1 0)
(-2.368475786e-15 1 0)
(2 1 0)
(4 1 0)
(6 1 0)
(8 1 0)
(10 1 0)
(12 1 0)
(14 1 0)
(16 1 0)
(18 1 0)
(20 1 0)
(22 1 0)
(24 1 0)
(26 1 0)
(28 1 0)
(30 1 0)
(32 1 0)
(34 1 0)
(36 1 0)
(38 1 0)
(40 1 0)
(42 1 0)
(44 1 0)
(46 1 0)
(48 1 0)
(50 1 0)
(52 1 0)
(54 1 0)
(56 1 0)
(58 1 0)
(60 1 0)
(62 1 0)
(64 1 0)
(66 1 0)
(68 1 0)
(70 1 0)
(72 1 0)
(74 1 0)
(76 1 0)
(78 1 0)
(80 1 0)
(82 1 0)
(84 1 0)
(86 1 0)
(88 1 0)
(90 1 0)
(92 1 0)
(94 1 0)
(96 1 0)
(98 1 0)
(100 1 0)
(-40 3 0)
(-38 3 0)
(-36 3 0)
(-34 3 0)
(-32 3 0)
(-30 3 0)
(-28 3 0)
(-26 3 0)
(-24 3 0)
(-22 3 0)
(-20 3 0)
(-18 3 0)
(-16 3 0)
(-14 3 0)
(-12 3 0)
(-10 3 0)
(-8 3 0)
(-6 3 0)
(-4 3 0)
(-2 3 0)
(-1.776356839e-15 3 0)
(2 3 0)
(4 3 0)
(6 3 0)
(8 3 0)
(10 3 0)
(12 3 0)
(14 3 0)
(16 3 0)
(18 3 0)
(20 3 0)
(22 3 0)
(24 3 0)
(26 3 0)
(28 3 0)
(30 3 0)
(32 3 0)
(34 3 0)
(36 3 0)
(38 3 0)
(40 3 0)
(42 3 0)
(44 3 0)
(46 3 0)
(48 3 0)
(50 3 0)
(52 3 0)
(54 3 0)
(56 3 0)
(58 3 0)
(60 3 0)
(62 3 0)
(64 3 0)
(66 3 0)
(68 3 0)
(70 3 0)
(72 3 0)
(74 3 0)
(76 3 0)
(78 3 0)
(80 3 0)
(82 3 0)
(84 3 0)
(86 3 0)
(88 3 0)
(90 3 0)
(92 3 0)
(94 3 0)
(96 3 0)
(98 3 0)
(100 3 0)
(-40 5 0)
(-38 5 0)
(-36 5 0)
(-34 5 0)
(-32 5 0)
(-30 5 0)
(-28 5 0)
(-26 5 0)
(-24 5 0)
(-22 5 0)
(-20 5 0)
(-18 5 0)
(-16 5 0)
(-14 5 0)
(-12 5 0)
(-10 5 0)
(-8 5 0)
(-6 5 0)
(-4 5 0)
(-2 5 0)
(-2.368475786e-15 5 0)
(2 5 0)
(4 5 0)
(6 5 0)
(8 5 0)
(10 5 0)
(12 5 0)
(14 5 0)
(16 5 0)
(18 5 0)
(20 5 0)
(22 5 0)
(24 5 0)
(26 5 0)
(28 5 0)
(30 5 0)
(32 5 0)
(34 5 0)
(36 5 0)
(38 5 0)
(40 5 0)
(42 5 0)
(44 5 0)
(46 5 0)
(48 5 0)
(50 5 0)
(52 5 0)
(54 5 0)
(56 5 0)
(58 5 0)
(60 5 0)
(62 5 0)
(64 5 0)
(66 5 0)
(68 5 0)
(70 5 0)
(72 5 0)
(74 5 0)
(76 5 0)
(78 5 0)
(80 5 0)
(82 5 0)
(84 5 0)
(86 5 0)
(88 5 0)
(90 5 0)
(92 5 0)
(94 5 0)
(96 5 0)
(98 5 0)
(100 5 0)
(-40 7 0)
(-38 7 0)
(-36 7 0)
(-34 7 0)
(-32 7 0)
(-30 7 0)
(-28 7 0)
(-26 7 0)
(-24 7 0)
(-22 7 0)
(-20 7 0)
(-18 7 0)
(-16 7 0)
(-14 7 0)
(-12 7 0)
(-10 7 0)
(-8 7 0)
(-6 7 0)
(-4 7 0)
(-2 7 0)
(-2.368475786e-15 7 0)
(2 7 0)
(4 7 0)
(6 7 0)
(8 7 0)
(10 7 0)
(12 7 0)
(14 7 0)
(16 7 0)
(18 7 0)
(20 7 0)
(22 7 0)
(24 7 0)
(26 7 0)
(28 7 0)
(30 7 0)
(32 7 0)
(34 7 0)
(36 7 0)
(38 7 0)
(40 7 0)
(42 7 0)
(44 7 0)
(46 7 0)
(48 7 0)
(50 7 0)
(52 7 0)
(54 7 0)
(56 7 0)
(58 7 0)
(60 7 0)
(62 7 0)
(64 7 0)
(66 7 0)
(68 7 0)
(70 7 0)
(72 7 0)
(74 7 0)
(76 7 0)
(78 7 0)
(80 7 0)
(82 7 0)
(84 7 0)
(86 7 0)
(88 7 0)
(90 7 0)
(92 7 0)
(94 7 0)
(96 7 0)
(98 7 0)
(100 7 0)
(-40 9 0)
(-38 9 0)
(-36 9 0)
(-34 9 0)
(-32 9 0)
(-30 9 0)
(-28 9 0)
(-26 9 0)
(-24 9 0)
(-22 9 0)
(-20 9 0)
(-18 9 0)
(-16 9 0)
(-14 9 0)
(-12 9 0)
(-10 9 0)
(-8 9 0)
(-6 9 0)
(-4 9 0)
(-2 9 0)
(-2.368475786e-15 9 0)
(2 9 0)
(4 9 0)
(6 9 0)
(8 9 0)
(10 9 0)
(12 9 0)
(14 9 0)
(16 9 0)
(18 9 0)
(20 9 0)
(22 9 0)
(24 9 0)
(26 9 0)
(28 9 0)
(30 9 0)
(32 9 0)
(34 9 0)
(36 9 0)
(38 9 0)
(40 9 0)
(42 9 0)
(44 9 0)
(46 9 0)
(48 9 0)
(50 9 0)
(52 9 0)
(54 9 0)
(56 9 0)
(58 9 0)
(60 9 0)
(62 9 0)
(64 9 0)
(66 9 0)
(68 9 0)
(70 9 0)
(72 9 0)
(74 9 0)
(76 9 0)
(78 9 0)
(80 9 0)
(82 9 0)
(84 9 0)
(86 9 0)
(88 9 0)
(90 9 0)
(92 9 0)
(94 9 0)
(96 9 0)
(98 9 0)
(100 9 0)
(-40 11 0)
(-38 11 0)
(-36 11 0)
(-34 11 0)
(-32 11 0)
(-30 11 0)
(-28 11 0)
(-26 11 0)
(-24 11 0)
(-22 11 0)
(-20 11 0)
(-18 11 0)
(-16 11 0)
(-14 11 0)
(-12 11 0)
(-10 11 0)
(-8 11 0)
(-6 11 0)
(-4 11 0)
(-2 11 0)
(-2.368475786e-15 11 0)
(2 11 0)
(4 11 0)
(6 11 0)
(8 11 0)
(10 11 0)
(12 11 0)
(14 11 0)
(16 11 0)
(18 11 0)
(20 11 0)
(22 11 0)
(24 11 0)
(26 11 0)
(28 11 0)
(30 11 0)
(32 11 0)
(34 11 0)
(36 11 0)
(38 11 0)
(40 11 0)
(42 11 0)
(44 11 0)
(46 11 0)
(48 11 0)
(50 11 0)
(52 11 0)
(54 11 0)
(56 11 0)
(58 11 0)
(60 11 0)
(62 11 0)
(64 11 0)
(66 11 0)
(68 11 0)
(70 11 0)
(72 11 0)
(74 11 0)
(76 11 0)
(78 11 0)
(80 11 0)
(82 11 0)
(84 11 0)
(86 11 0)
(88 11 0)
(90 11 0)
(92 11 0)
(94 11 0)
(96 11 0)
(98 11 0)
(100 11 0)
(-40 13 0)
(-38 13 0)
(-36 13 0)
(-34 13 0)
(-32 13 0)
(-30 13 0)
(-28 13 0)
(-26 13 0)
(-24 13 0)
(-22 13 0)
(-20 13 0)
(-18 13 0)
(-16 13 0)
(-14 13 0)
(-12 13 0)
(-10 13 0)
(-8 13 0)
(-6 13 0)
(-4 13 0)
(-2 13 0)
(-2.368475786e-15 13 0)
(2 13 0)
(4 13 0)
(6 13 0)
(8 13 0)
(10 13 0)
(12 13 0)
(14 13 0)
(16 13 0)
(18 13 0)
(20 13 0)
(22 13 0)
(24 13 0)
(26 13 0)
(28 13 0)
(30 13 0)
(32 13 0)
(34 13 0)
(36 13 0)
(38 13 0)
(40 13 0)
(42 13 0)
(44 13 0)
(46 13 0)
(48 13 0)
(50 13 0)
(52 13 0)
(54 13 0)
(56 13 0)
(58 13 0)
(60 13 0)
(62 13 0)
(64 13 0)
(66 13 0)
(68 13 0)
(70 13 0)
(72 13 0)
(74 13 0)
(76 13 0)
(78 13 0)
(80 13 0)
(82 13 0)
(84 13 0)
(86 13 0)
(88 13 0)
(90 13 0)
(92 13 0)
(94 13 0)
(96 13 0)
(98 13 0)
(100 13 0)
(-40 15 0)
(-38 15 0)
(-36 15 0)
(-34 15 0)
(-32 15 0)
(-30 15 0)
(-28 15 0)
(-26 15 0)
(-24 15 0)
(-22 15 0)
(-20 15 0)
(-18 15 0)
(-16 15 0)
(-14 15 0)
(-12 15 0)
(-10 15 0)
(-8 15 0)
(-6 15 0)
(-4 15 0)
(-2 15 0)
(-3.552713679e-15 15 0)
(2 15 0)
(4 15 0)
(6 15 0)
(8 15 0)
(10 15 0)
(12 15 0)
(14 15 0)
(16 15 0)
(18 15 0)
(20 15 0)
(22 15 0)
(24 15 0)
(26 15 0)
(28 15 0)
(30 15 0)
(32 15 0)
(34 15 0)
(36 15 0)
(38 15 0)
(40 15 0)
(42 15 0)
(44 15 0)
(46 15 0)
(48 15 0)
(50 15 0)
(52 15 0)
(54 15 0)
(56 15 0)
(58 15 0)
(60 15 0)
(62 15 0)
(64 15 0)
(66 15 0)
(68 15 0)
(70 15 0)
(72 15 0)
(74 15 0)
(76 15 0)
(78 15 0)
(80 15 0)
(82 15 0)
(84 15 0)
(86 15 0)
(88 15 0)
(90 15 0)
(92 15 0)
(94 15 0)
(96 15 0)
(98 15 0)
(100 15 0)
(-40 17 0)
(-38 17 0)
(-36 17 0)
(-34 17 0)
(-32 17 0)
(-30 17 0)
(-28 17 0)
(-26 17 0)
(-24 17 0)
(-22 17 0)
(-20 17 0)
(-18 17 0)
(-16 17 0)
(-14 17 0)
(-12 17 0)
(-10 17 0)
(-8 17 0)
(-6 17 0)
(-4 17 0)
(-2 17 0)
(-1.184237893e-15 17 0)
(2 17 0)
(4 17 0)
(6 17 0)
(8 17 0)
(10 17 0)
(12 17 0)
(14 17 0)
(16 17 0)
(18 17 0)
(20 17 0)
(22 17 0)
(24 17 0)
(26 17 0)
(28 17 0)
(30 17 0)
(32 17 0)
(34 17 0)
(36 17 0)
(38 17 0)
(40 17 0)
(42 17 0)
(44 17 0)
(46 17 0)
(48 17 0)
(50 17 0)
(52 17 0)
(54 17 0)
(56 17 0)
(58 17 0)
(60 17 0)
(62 17 0)
(64 17 0)
(66 17 0)
(68 17 0)
(70 17 0)
(72 17 0)
(74 17 0)
(76 17 0)
(78 17 0)
(80 17 0)
(82 17 0)
(84 17 0)
(86 17 0)
(88 17 0)
(90 17 0)
(92 17 0)
(94 17 0)
(96 17 0)
(98 17 0)
(100 17 0)
(-40 19 0)
(-38 19 0)
(-36 19 0)
(-34 19 0)
(-32 19 0)
(-30 19 0)
(-28 19 0)
(-26 19 0)
(-24 19 0)
(-22 19 0)
(-20 19 0)
(-18 19 0)
(-16 19 0)
(-14 19 0)
(-12 19 0)
(-10 19 0)
(-8 19 0)
(-6 19 0)
(-4 19 0)
(-2 19 0)
(-2.368475786e-15 19 0)
(2 19 0)
(4 19 0)
(6 19 0)
(8 19 0)
(10 19 0)
(12 19 0)
(14 19 0)
(16 19 0)
(18 19 0)
(20 19 0)
(22 19 0)
(24 19 0)
(26 19 0)
(28 19 0)
(30 19 0)
(32 19 0)
(34 19 0)
(36 19 0)
(38 19 0)
(40 19 0)
(42 19 0)
(44 19 0)
(46 19 0)
(48 19 0)
(50 19 0)
(52 19 0)
(54 19 0)
(56 19 0)
(58 19 0)
(60 19 0)
(62 19 0)
(64 19 0)
(66 19 0)
(68 19 0)
(70 19 0)
(72 19 0)
(74 19 0)
(76 19 0)
(78 19 0)
(80 19 0)
(82 19 0)
(84 19 0)
(86 19 0)
(88 19 0)
(90 19 0)
(92 19 0)
(94 19 0)
(96 19 0)
(98 19 0)
(100 19 0)
(-40 21 0)
(-38 21 0)
(-36 21 0)
(-34 21 0)
(-32 21 0)
(-30 21 0)
(-28 21 0)
(-26 21 0)
(-24 21 0)
(-22 21 0)
(-20 21 0)
(-18 21 0)
(-16 21 0)
(-14 21 0)
(-12 21 0)
(-10 21 0)
(-8 21 0)
(-6 21 0)
(-4 21 0)
(-2 21 0)
(-2.368475786e-15 21 0)
(2 21 0)
(4 21 0)
(6 21 0)
(8 21 0)
(10 21 0)
(12 21 0)
(14 21 0)
(16 21 0)
(18 21 0)
(20 21 0)
(22 21 0)
(24 21 0)
(26 21 0)
(28 21 0)
(30 21 0)
(32 21 0)
(34 21 0)
(36 21 0)
(38 21 0)
(40 21 0)
(42 21 0)
(44 21 0)
(46 21 0)
(48 21 0)
(50 21 0)
(52 21 0)
(54 21 0)
(56 21 0)
(58 21 0)
(60 21 0)
(62 21 0)
(64 21 0)
(66 21 0)
(68 21 0)
(70 21 0)
(72 21 0)
(74 21 0)
(76 21 0)
(78 21 0)
(80 21 0)
(82 21 0)
(84 21 0)
(86 21 0)
(88 21 0)
(90 21 0)
(92 21 0)
(94 21 0)
(96 21 0)
(98 21 0)
(100 21 0)
(-40 23 0)
(-38 23 0)
(-36 23 0)
(-34 23 0)
(-32 23 0)
(-30 23 0)
(-28 23 0)
(-26 23 0)
(-24 23 0)
(-22 23 0)
(-20 23 0)
(-18 23 0)
(-16 23 0)
(-14 23 0)
(-12 23 0)
(-10 23 0)
(-8 23 0)
(-6 23 0)
(-4 23 0)
(-2 23 0)
(-1.184237893e-15 23 0)
(2 23 0)
(4 23 0)
(6 23 0)
(8 23 0)
(10 23 0)
(12 23 0)
(14 23 0)
(16 23 0)
(18 23 0)
(20 23 0)
(22 23 0)
(24 23 0)
(26 23 0)
(28 23 0)
(30 23 0)
(32 23 0)
(34 23 0)
(36 23 0)
(38 23 0)
(40 23 0)
(42 23 0)
(44 23 0)
(46 23 0)
(48 23 0)
(50 23 0)
(52 23 0)
(54 23 0)
(56 23 0)
(58 23 0)
(60 23 0)
(62 23 0)
(64 23 0)
(66 23 0)
(68 23 0)
(70 23 0)
(72 23 0)
(74 23 0)
(76 23 0)
(78 23 0)
(80 23 0)
(82 23 0)
(84 23 0)
(86 23 0)
(88 23 0)
(90 23 0)
(92 23 0)
(94 23 0)
(96 23 0)
(98 23 0)
(100 23 0)
(-40 25 0)
(-38 25 0)
(-36 25 0)
(-34 25 0)
(-32 25 0)
(-30 25 0)
(-28 25 0)
(-26 25 0)
(-24 25 0)
(-22 25 0)
(-20 25 0)
(-18 25 0)
(-16 25 0)
(-14 25 0)
(-12 25 0)
(-10 25 0)
(-8 25 0)
(-6 25 0)
(-4 25 0)
(-2 25 0)
(-1.184237893e-15 25 0)
(2 25 0)
(4 25 0)
(6 25 0)
(8 25 0)
(10 25 0)
(12 25 0)
(14 25 0)
(16 25 0)
(18 25 0)
(20 25 0)
(22 25 0)
(24 25 0)
(26 25 0)
(28 25 0)
(30 25 0)
(32 25 0)
(34 25 0)
(36 25 0)
(38 25 0)
(40 25 0)
(42 25 0)
(44 25 0)
(46 25 0)
(48 25 0)
(50 25 0)
(52 25 0)
(54 25 0)
(56 25 0)
(58 25 0)
(60 25 0)
(62 25 0)
(64 25 0)
(66 25 0)
(68 25 0)
(70 25 0)
(72 25 0)
(74 25 0)
(76 25 0)
(78 25 0)
(80 25 0)
(82 25 0)
(84 25 0)
(86 25 0)
(88 25 0)
(90 25 0)
(92 25 0)
(94 25 0)
(96 25 0)
(98 25 0)
(100 25 0)
(-40 27 0)
(-38 27 0)
(-36 27 0)
(-34 27 0)
(-32 27 0)
(-30 27 0)
(-28 27 0)
(-26 27 0)
(-24 27 0)
(-22 27 0)
(-20 27 0)
(-18 27 0)
(-16 27 0)
(-14 27 0)
(-12 27 0)
(-10 27 0)
(-8 27 0)
(-6 27 0)
(-4 27 0)
(-2 27 0)
(-3.552713679e-15 27 0)
(2 27 0)
(4 27 0)
(6 27 0)
(8 27 0)
(10 27 0)
(12 27 0)
(14 27 0)
(16 27 0)
(18 27 0)
(20 27 0)
(22 27 0)
(24 27 0)
(26 27 0)
(28 27 0)
(30 27 0)
(32 27 0)
(34 27 0)
(36 27 0)
(38 27 0)
(40 27 0)
(42 27 0)
(44 27 0)
(46 27 0)
(48 27 0)
(50 27 0)
(52 27 0)
(54 27 0)
(56 27 0)
(58 27 0)
(60 27 0)
(62 27 0)
(64 27 0)
(66 27 0)
(68 27 0)
(70 27 0)
(72 27 0)
(74 27 0)
(76 27 0)
(78 27 0)
(80 27 0)
(82 27 0)
(84 27 0)
(86 27 0)
(88 27 0)
(90 27 0)
(92 27 0)
(94 27 0)
(96 27 0)
(98 27 0)
(100 27 0)
(-40 29 0)
(-38 29 0)
(-36 29 0)
(-34 29 0)
(-32 29 0)
(-30 29 0)
(-28 29 0)
(-26 29 0)
(-24 29 0)
(-22 29 0)
(-20 29 0)
(-18 29 0)
(-16 29 0)
(-14 29 0)
(-12 29 0)
(-10 29 0)
(-8 29 0)
(-6 29 0)
(-4 29 0)
(-2 29 0)
(-2.368475786e-15 29 0)
(2 29 0)
(4 29 0)
(6 29 0)
(8 29 0)
(10 29 0)
(12 29 0)
(14 29 0)
(16 29 0)
(18 29 0)
(20 29 0)
(22 29 0)
(24 29 0)
(26 29 0)
(28 29 0)
(30 29 0)
(32 29 0)
(34 29 0)
(36 29 0)
(38 29 0)
(40 29 0)
(42 29 0)
(44 29 0)
(46 29 0)
(48 29 0)
(50 29 0)
(52 29 0)
(54 29 0)
(56 29 0)
(58 29 0)
(60 29 0)
(62 29 0)
(64 29 0)
(66 29 0)
(68 29 0)
(70 29 0)
(72 29 0)
(74 29 0)
(76 29 0)
(78 29 0)
(80 29 0)
(82 29 0)
(84 29 0)
(86 29 0)
(88 29 0)
(90 29 0)
(92 29 0)
(94 29 0)
(96 29 0)
(98 29 0)
(100 29 0)
(-40 31 0)
(-38 31 0)
(-36 31 0)
(-34 31 0)
(-32 31 0)
(-30 31 0)
(-28 31 0)
(-26 31 0)
(-24 31 0)
(-22 31 0)
(-20 31 0)
(-18 31 0)
(-16 31 0)
(-14 31 0)
(-12 31 0)
(-10 31 0)
(-8 31 0)
(-6 31 0)
(-4 31 0)
(-2 31 0)
(-2.368475786e-15 31 0)
(2 31 0)
(4 31 0)
(6 31 0)
(8 31 0)
(10 31 0)
(12 31 0)
(14 31 0)
(16 31 0)
(18 31 0)
(20 31 0)
(22 31 0)
(24 31 0)
(26 31 0)
(28 31 0)
(30 31 0)
(32 31 0)
(34 31 0)
(36 31 0)
(38 31 0)
(40 31 0)
(42 31 0)
(44 31 0)
(46 31 0)
(48 31 0)
(50 31 0)
(52 31 0)
(54 31 0)
(56 31 0)
(58 31 0)
(60 31 0)
(62 31 0)
(64 31 0)
(66 31 0)
(68 31 0)
(70 31 0)
(72 31 0)
(74 31 0)
(76 31 0)
(78 31 0)
(80 31 0)
(82 31 0)
(84 31 0)
(86 31 0)
(88 31 0)
(90 31 0)
(92 31 0)
(94 31 0)
(96 31 0)
(98 31 0)
(100 31 0)
(-40 33 0)
(-38 33 0)
(-36 33 0)
(-34 33 0)
(-32 33 0)
(-30 33 0)
(-28 33 0)
(-26 33 0)
(-24 33 0)
(-22 33 0)
(-20 33 0)
(-18 33 0)
(-16 33 0)
(-14 33 0)
(-12 33 0)
(-10 33 0)
(-8 33 0)
(-6 33 0)
(-4 33 0)
(-2 33 0)
(-2.368475786e-15 33 0)
(2 33 0)
(4 33 0)
(6 33 0)
(8 33 0)
(10 33 0)
(12 33 0)
(14 33 0)
(16 33 0)
(18 33 0)
(20 33 0)
(22 33 0)
(24 33 0)
(26 33 0)
(28 33 0)
(30 33 0)
(32 33 0)
(34 33 0)
(36 33 0)
(38 33 0)
(40 33 0)
(42 33 0)
(44 33 0)
(46 33 0)
(48 33 0)
(50 33 0)
(52 33 0)
(54 33 0)
(56 33 0)
(58 33 0)
(60 33 0)
(62 33 0)
(64 33 0)
(66 33 0)
(68 33 0)
(70 33 0)
(72 33 0)
(74 33 0)
(76 33 0)
(78 33 0)
(80 33 0)
(82 33 0)
(84 33 0)
(86 33 0)
(88 33 0)
(90 33 0)
(92 33 0)
(94 33 0)
(96 33 0)
(98 33 0)
(100 33 0)
(-40 -31 1)
(-38 -31 1)
(-36 -31 1)
(-34 -31 1)
(-32 -31 1)
(-30 -31 1)
(-28 -31 1)
(-26 -31 1)
(-24 -31 1)
(-22 -31 1)
(-20 -31 1)
(-18 -31 1)
(-16 -31 1)
(-14 -31 1)
(-12 -31 1)
(-10 -31 1)
(-8 -31 1)
(-6 -31 1)
(-4 -31 1)
(-2 -31 1)
(-2.368475786e-15 -31 1)
(2 -31 1)
(4 -31 1)
(6 -31 1)
(8 -31 1)
(10 -31 1)
(12 -31 1)
(14 -31 1)
(16 -31 1)
(18 -31 1)
(20 -31 1)
(22 -31 1)
(24 -31 1)
(26 -31 1)
(28 -31 1)
(30 -31 1)
(32 -31 1)
(34 -31 1)
(36 -31 1)
(38 -31 1)
(40 -31 1)
(42 -31 1)
(44 -31 1)
(46 -31 1)
(48 -31 1)
(50 -31 1)
(52 -31 1)
(54 -31 1)
(56 -31 1)
(58 -31 1)
(60 -31 1)
(62 -31 1)
(64 -31 1)
(66 -31 1)
(68 -31 1)
(70 -31 1)
(72 -31 1)
(74 -31 1)
(76 -31 1)
(78 -31 1)
(80 -31 1)
(82 -31 1)
(84 -31 1)
(86 -31 1)
(88 -31 1)
(90 -31 1)
(92 -31 1)
(94 -31 1)
(96 -31 1)
(98 -31 1)
(100 -31 1)
(-40 -29 1)
(-38 -29 1)
(-36 -29 1)
(-34 -29 1)
(-32 -29 1)
(-30 -29 1)
(-28 -29 1)
(-26 -29 1)
(-24 -29 1)
(-22 -29 1)
(-20 -29 1)
(-18 -29 1)
(-16 -29 1)
(-14 -29 1)
(-12 -29 1)
(-10 -29 1)
(-8 -29 1)
(-6 -29 1)
(-4 -29 1)
(-2 -29 1)
(-2.40548322e-15 -29 1)
(2 -29 1)
(4 -29 1)
(6 -29 1)
(8 -29 1)
(10 -29 1)
(12 -29 1)
(14 -29 1)
(16 -29 1)
(18 -29 1)
(20 -29 1)
(22 -29 1)
(24 -29 1)
(26 -29 1)
(28 -29 1)
(30 -29 1)
(32 -29 1)
(34 -29 1)
(36 -29 1)
(38 -29 1)
(40 -29 1)
(42 -29 1)
(44 -29 1)
(46 -29 1)
(48 -29 1)
(50 -29 1)
(52 -29 1)
(54 -29 1)
(56 -29 1)
(58 -29 1)
(60 -29 1)
(62 -29 1)
(64 -29 1)
(66 -29 1)
(68 -29 1)
(70 -29 1)
(72 -29 1)
(74 -29 1)
(76 -29 1)
(78 -29 1)
(80 -29 1)
(82 -29 1)
(84 -29 1)
(86 -29 1)
(88 -29 1)
(90 -29 1)
(92 -29 1)
(94 -29 1)
(96 -29 1)
(98 -29 1)
(100 -29 1)
(-40 -27 1)
(-38 -27 1)
(-36 -27 1)
(-34 -27 1)
(-32 -27 1)
(-30 -27 1)
(-28 -27 1)
(-26 -27 1)
(-24 -27 1)
(-22 -27 1)
(-20 -27 1)
(-18 -27 1)
(-16 -27 1)
(-14 -27 1)
(-12 -27 1)
(-10 -27 1)
(-8 -27 1)
(-6 -27 1)
(-4 -27 1)
(-2 -27 1)
(-2.442490654e-15 -27 1)
(2 -27 1)
(4 -27 1)
(6 -27 1)
(8 -27 1)
(10 -27 1)
(12 -27 1)
(14 -27 1)
(16 -27 1)
(18 -27 1)
(20 -27 1)
(22 -27 1)
(24 -27 1)
(26 -27 1)
(28 -27 1)
(30 -27 1)
(32 -27 1)
(34 -27 1)
(36 -27 1)
(38 -27 1)
(40 -27 1)
(42 -27 1)
(44 -27 1)
(46 -27 1)
(48 -27 1)
(50 -27 1)
(52 -27 1)
(54 -27 1)
(56 -27 1)
(58 -27 1)
(60 -27 1)
(62 -27 1)
(64 -27 1)
(66 -27 1)
(68 -27 1)
(70 -27 1)
(72 -27 1)
(74 -27 1)
(76 -27 1)
(78 -27 1)
(80 -27 1)
(82 -27 1)
(84 -27 1)
(86 -27 1)
(88 -27 1)
(90 -27 1)
(92 -27 1)
(94 -27 1)
(96 -27 1)
(98 -27 1)
(100 -27 1)
(-40 -25 1)
(-38 -25 1)
(-36 -25 1)
(-34 -25 1)
(-32 -25 1)
(-30 -25 1)
(-28 -25 1)
(-26 -25 1)
(-24 -25 1)
(-22 -25 1)
(-20 -25 1)
(-18 -25 1)
(-16 -25 1)
(-14 -25 1)
(-12 -25 1)
(-10 -25 1)
(-8 -25 1)
(-6 -25 1)
(-4 -25 1)
(-2 -25 1)
(-3.552713679e-15 -25 1)
(2 -25 1)
(4 -25 1)
(6 -25 1)
(8 -25 1)
(10 -25 1)
(12 -25 1)
(14 -25 1)
(16 -25 1)
(18 -25 1)
(20 -25 1)
(22 -25 1)
(24 -25 1)
(26 -25 1)
(28 -25 1)
(30 -25 1)
(32 -25 1)
(34 -25 1)
(36 -25 1)
(38 -25 1)
(40 -25 1)
(42 -25 1)
(44 -25 1)
(46 -25 1)
(48 -25 1)
(50 -25 1)
(52 -25 1)
(54 -25 1)
(56 -25 1)
(58 -25 1)
(60 -25 1)
(62 -25 1)
(64 -25 1)
(66 -25 1)
(68 -25 1)
(70 -25 1)
(72 -25 1)
(74 -25 1)
(76 -25 1)
(78 -25 1)
(80 -25 1)
(82 -25 1)
(84 -25 1)
(86 -25 1)
(88 -25 1)
(90 -25 1)
(92 -25 1)
(94 -25 1)
(96 -25 1)
(98 -25 1)
(100 -25 1)
(-40 -23 1)
(-38 -23 1)
(-36 -23 1)
(-34 -23 1)
(-32 -23 1)
(-30 -23 1)
(-28 -23 1)
(-26 -23 1)
(-24 -23 1)
(-22 -23 1)
(-20 -23 1)
(-18 -23 1)
(-16 -23 1)
(-14 -23 1)
(-12 -23 1)
(-10 -23 1)
(-8 -23 1)
(-6 -23 1)
(-4 -23 1)
(-2 -23 1)
(-1.33226763e-15 -23 1)
(2 -23 1)
(4 -23 1)
(6 -23 1)
(8 -23 1)
(10 -23 1)
(12 -23 1)
(14 -23 1)
(16 -23 1)
(18 -23 1)
(20 -23 1)
(22 -23 1)
(24 -23 1)
(26 -23 1)
(28 -23 1)
(30 -23 1)
(32 -23 1)
(34 -23 1)
(36 -23 1)
(38 -23 1)
(40 -23 1)
(42 -23 1)
(44 -23 1)
(46 -23 1)
(48 -23 1)
(50 -23 1)
(52 -23 1)
(54 -23 1)
(56 -23 1)
(58 -23 1)
(60 -23 1)
(62 -23 1)
(64 -23 1)
(66 -23 1)
(68 -23 1)
(70 -23 1)
(72 -23 1)
(74 -23 1)
(76 -23 1)
(78 -23 1)
(80 -23 1)
(82 -23 1)
(84 -23 1)
(86 -23 1)
(88 -23 1)
(90 -23 1)
(92 -23 1)
(94 -23 1)
(96 -23 1)
(98 -23 1)
(100 -23 1)
(-40 -21 1)
(-38 -21 1)
(-36 -21 1)
(-34 -21 1)
(-32 -21 1)
(-30 -21 1)
(-28 -21 1)
(-26 -21 1)
(-24 -21 1)
(-22 -21 1)
(-20 -21 1)
(-18 -21 1)
(-16 -21 1)
(-14 -21 1)
(-12 -21 1)
(-10 -21 1)
(-8 -21 1)
(-6 -21 1)
(-4 -21 1)
(-2 -21 1)
(-1.480297366e-15 -21 1)
(2 -21 1)
(4 -21 1)
(6 -21 1)
(8 -21 1)
(10 -21 1)
(12 -21 1)
(14 -21 1)
(16 -21 1)
(18 -21 1)
(20 -21 1)
(22 -21 1)
(24 -21 1)
(26 -21 1)
(28 -21 1)
(30 -21 1)
(32 -21 1)
(34 -21 1)
(36 -21 1)
(38 -21 1)
(40 -21 1)
(42 -21 1)
(44 -21 1)
(46 -21 1)
(48 -21 1)
(50 -21 1)
(52 -21 1)
(54 -21 1)
(56 -21 1)
(58 -21 1)
(60 -21 1)
(62 -21 1)
(64 -21 1)
(66 -21 1)
(68 -21 1)
(70 -21 1)
(72 -21 1)
(74 -21 1)
(76 -21 1)
(78 -21 1)
(80 -21 1)
(82 -21 1)
(84 -21 1)
(86 -21 1)
(88 -21 1)
(90 -21 1)
(92 -21 1)
(94 -21 1)
(96 -21 1)
(98 -21 1)
(100 -21 1)
(-40 -19 1)
(-38 -19 1)
(-36 -19 1)
(-34 -19 1)
(-32 -19 1)
(-30 -19 1)
(-28 -19 1)
(-26 -19 1)
(-24 -19 1)
(-22 -19 1)
(-20 -19 1)
(-18 -19 1)
(-16 -19 1)
(-14 -19 1)
(-12 -19 1)
(-10 -19 1)
(-8 -19 1)
(-6 -19 1)
(-4 -19 1)
(-2 -19 1)
(-2.368475786e-15 -19 1)
(2 -19 1)
(4 -19 1)
(6 -19 1)
(8 -19 1)
(10 -19 1)
(12 -19 1)
(14 -19 1)
(16 -19 1)
(18 -19 1)
(20 -19 1)
(22 -19 1)
(24 -19 1)
(26 -19 1)
(28 -19 1)
(30 -19 1)
(32 -19 1)
(34 -19 1)
(36 -19 1)
(38 -19 1)
(40 -19 1)
(42 -19 1)
(44 -19 1)
(46 -19 1)
(48 -19 1)
(50 -19 1)
(52 -19 1)
(54 -19 1)
(56 -19 1)
(58 -19 1)
(60 -19 1)
(62 -19 1)
(64 -19 1)
(66 -19 1)
(68 -19 1)
(70 -19 1)
(72 -19 1)
(74 -19 1)
(76 -19 1)
(78 -19 1)
(80 -19 1)
(82 -19 1)
(84 -19 1)
(86 -19 1)
(88 -19 1)
(90 -19 1)
(92 -19 1)
(94 -19 1)
(96 -19 1)
(98 -19 1)
(100 -19 1)
(-40 -17 1)
(-38 -17 1)
(-36 -17 1)
(-34 -17 1)
(-32 -17 1)
(-30 -17 1)
(-28 -17 1)
(-26 -17 1)
(-24 -17 1)
(-22 -17 1)
(-20 -17 1)
(-18 -17 1)
(-16 -17 1)
(-14 -17 1)
(-12 -17 1)
(-10 -17 1)
(-8 -17 1)
(-6 -17 1)
(-4 -17 1)
(-2 -17 1)
(-2.368475786e-15 -17 1)
(2 -17 1)
(4 -17 1)
(6 -17 1)
(8 -17 1)
(10 -17 1)
(12 -17 1)
(14 -17 1)
(16 -17 1)
(18 -17 1)
(20 -17 1)
(22 -17 1)
(24 -17 1)
(26 -17 1)
(28 -17 1)
(30 -17 1)
(32 -17 1)
(34 -17 1)
(36 -17 1)
(38 -17 1)
(40 -17 1)
(42 -17 1)
(44 -17 1)
(46 -17 1)
(48 -17 1)
(50 -17 1)
(52 -17 1)
(54 -17 1)
(56 -17 1)
(58 -17 1)
(60 -17 1)
(62 -17 1)
(64 -17 1)
(66 -17 1)
(68 -17 1)
(70 -17 1)
(72 -17 1)
(74 -17 1)
(76 -17 1)
(78 -17 1)
(80 -17 1)
(82 -17 1)
(84 -17 1)
(86 -17 1)
(88 -17 1)
(90 -17 1)
(92 -17 1)
(94 -17 1)
(96 -17 1)
(98 -17 1)
(100 -17 1)
(-40 -15 1)
(-38 -15 1)
(-36 -15 1)
(-34 -15 1)
(-32 -15 1)
(-30 -15 1)
(-28 -15 1)
(-26 -15 1)
(-24 -15 1)
(-22 -15 1)
(-20 -15 1)
(-18 -15 1)
(-16 -15 1)
(-14 -15 1)
(-12 -15 1)
(-10 -15 1)
(-8 -15 1)
(-6 -15 1)
(-4 -15 1)
(-2 -15 1)
(-1.480297366e-15 -15 1)
(2 -15 1)
(4 -15 1)
(6 -15 1)
(8 -15 1)
(10 -15 1)
(12 -15 1)
(14 -15 1)
(16 -15 1)
(18 -15 1)
(20 -15 1)
(22 -15 1)
(24 -15 1)
(26 -15 1)
(28 -15 1)
(30 -15 1)
(32 -15 1)
(34 -15 1)
(36 -15 1)
(38 -15 1)
(40 -15 1)
(42 -15 1)
(44 -15 1)
(46 -15 1)
(48 -15 1)
(50 -15 1)
(52 -15 1)
(54 -15 1)
(56 -15 1)
(58 -15 1)
(60 -15 1)
(62 -15 1)
(64 -15 1)
(66 -15 1)
(68 -15 1)
(70 -15 1)
(72 -15 1)
(74 -15 1)
(76 -15 1)
(78 -15 1)
(80 -15 1)
(82 -15 1)
(84 -15 1)
(86 -15 1)
(88 -15 1)
(90 -15 1)
(92 -15 1)
(94 -15 1)
(96 -15 1)
(98 -15 1)
(100 -15 1)
(-40 -13 1)
(-38 -13 1)
(-36 -13 1)
(-34 -13 1)
(-32 -13 1)
(-30 -13 1)
(-28 -13 1)
(-26 -13 1)
(-24 -13 1)
(-22 -13 1)
(-20 -13 1)
(-18 -13 1)
(-16 -13 1)
(-14 -13 1)
(-12 -13 1)
(-10 -13 1)
(-8 -13 1)
(-6 -13 1)
(-4 -13 1)
(-2 -13 1)
(-4.144832625e-15 -13 1)
(2 -13 1)
(4 -13 1)
(6 -13 1)
(8 -13 1)
(10 -13 1)
(12 -13 1)
(14 -13 1)
(16 -13 1)
(18 -13 1)
(20 -13 1)
(22 -13 1)
(24 -13 1)
(26 -13 1)
(28 -13 1)
(30 -13 1)
(32 -13 1)
(34 -13 1)
(36 -13 1)
(38 -13 1)
(40 -13 1)
(42 -13 1)
(44 -13 1)
(46 -13 1)
(48 -13 1)
(50 -13 1)
(52 -13 1)
(54 -13 1)
(56 -13 1)
(58 -13 1)
(60 -13 1)
(62 -13 1)
(64 -13 1)
(66 -13 1)
(68 -13 1)
(70 -13 1)
(72 -13 1)
(74 -13 1)
(76 -13 1)
(78 -13 1)
(80 -13 1)
(82 -13 1)
(84 -13 1)
(86 -13 1)
(88 -13 1)
(90 -13 1)
(92 -13 1)
(94 -13 1)
(96 -13 1)
(98 -13 1)
(100 -13 1)
(-40 -11 1)
(-38 -11 1)
(-36 -11 1)
(-34 -11 1)
(-32 -11 1)
(-30 -11 1)
(-28 -11 1)
(-26 -11 1)
(-24 -11 1)
(-22 -11 1)
(-20 -11 1)
(-18 -11 1)
(-16 -11 1)
(-14 -11 1)
(-12 -11 1)
(-10 -11 1)
(-8 -11 1)
(-6 -11 1)
(-4 -11 1)
(-2 -11 1)
(-2.960594732e-15 -11 1)
(2 -11 1)
(4 -11 1)
(6 -11 1)
(8 -11 1)
(10 -11 1)
(12 -11 1)
(14 -11 1)
(16 -11 1)
(18 -11 1)
(20 -11 1)
(22 -11 1)
(24 -11 1)
(26 -11 1)
(28 -11 1)
(30 -11 1)
(32 -11 1)
(34 -11 1)
(36 -11 1)
(38 -11 1)
(40 -11 1)
(42 -11 1)
(44 -11 1)
(46 -11 1)
(48 -11 1)
(50 -11 1)
(52 -11 1)
(54 -11 1)
(56 -11 1)
(58 -11 1)
(60 -11 1)
(62 -11 1)
(64 -11 1)
(66 -11 1)
(68 -11 1)
(70 -11 1)
(72 -11 1)
(74 -11 1)
(76 -11 1)
(78 -11 1)
(80 -11 1)
(82 -11 1)
(84 -11 1)
(86 -11 1)
(88 -11 1)
(90 -11 1)
(92 -11 1)
(94 -11 1)
(96 -11 1)
(98 -11 1)
(100 -11 1)
(-40 -9 1)
(-38 -9 1)
(-36 -9 1)
(-34 -9 1)
(-32 -9 1)
(-30 -9 1)
(-28 -9 1)
(-26 -9 1)
(-24 -9 1)
(-22 -9 1)
(-20 -9 1)
(-18 -9 1)
(-16 -9 1)
(-14 -9 1)
(-12 -9 1)
(-10 -9 1)
(-8 -9 1)
(-6 -9 1)
(-4 -9 1)
(-2 -9 1)
(-1.776356839e-15 -9 1)
(2 -9 1)
(4 -9 1)
(6 -9 1)
(8 -9 1)
(10 -9 1)
(12 -9 1)
(14 -9 1)
(16 -9 1)
(18 -9 1)
(20 -9 1)
(22 -9 1)
(24 -9 1)
(26 -9 1)
(28 -9 1)
(30 -9 1)
(32 -9 1)
(34 -9 1)
(36 -9 1)
(38 -9 1)
(40 -9 1)
(42 -9 1)
(44 -9 1)
(46 -9 1)
(48 -9 1)
(50 -9 1)
(52 -9 1)
(54 -9 1)
(56 -9 1)
(58 -9 1)
(60 -9 1)
(62 -9 1)
(64 -9 1)
(66 -9 1)
(68 -9 1)
(70 -9 1)
(72 -9 1)
(74 -9 1)
(76 -9 1)
(78 -9 1)
(80 -9 1)
(82 -9 1)
(84 -9 1)
(86 -9 1)
(88 -9 1)
(90 -9 1)
(92 -9 1)
(94 -9 1)
(96 -9 1)
(98 -9 1)
(100 -9 1)
(-40 -7 1)
(-38 -7 1)
(-36 -7 1)
(-34 -7 1)
(-32 -7 1)
(-30 -7 1)
(-28 -7 1)
(-26 -7 1)
(-24 -7 1)
(-22 -7 1)
(-20 -7 1)
(-18 -7 1)
(-16 -7 1)
(-14 -7 1)
(-12 -7 1)
(-10 -7 1)
(-8 -7 1)
(-6 -7 1)
(-4 -7 1)
(-2 -7 1)
(-2.368475786e-15 -7 1)
(2 -7 1)
(4 -7 1)
(6 -7 1)
(8 -7 1)
(10 -7 1)
(12 -7 1)
(14 -7 1)
(16 -7 1)
(18 -7 1)
(20 -7 1)
(22 -7 1)
(24 -7 1)
(26 -7 1)
(28 -7 1)
(30 -7 1)
(32 -7 1)
(34 -7 1)
(36 -7 1)
(38 -7 1)
(40 -7 1)
(42 -7 1)
(44 -7 1)
(46 -7 1)
(48 -7 1)
(50 -7 1)
(52 -7 1)
(54 -7 1)
(56 -7 1)
(58 -7 1)
(60 -7 1)
(62 -7 1)
(64 -7 1)
(66 -7 1)
(68 -7 1)
(70 -7 1)
(72 -7 1)
(74 -7 1)
(76 -7 1)
(78 -7 1)
(80 -7 1)
(82 -7 1)
(84 -7 1)
(86 -7 1)
(88 -7 1)
(90 -7 1)
(92 -7 1)
(94 -7 1)
(96 -7 1)
(98 -7 1)
(100 -7 1)
(-40 -5 1)
(-38 -5 1)
(-36 -5 1)
(-34 -5 1)
(-32 -5 1)
(-30 -5 1)
(-28 -5 1)
(-26 -5 1)
(-24 -5 1)
(-22 -5 1)
(-20 -5 1)
(-18 -5 1)
(-16 -5 1)
(-14 -5 1)
(-12 -5 1)
(-10 -5 1)
(-8 -5 1)
(-6 -5 1)
(-4 -5 1)
(-2 -5 1)
(-2.960594732e-15 -5 1)
(2 -5 1)
(4 -5 1)
(6 -5 1)
(8 -5 1)
(10 -5 1)
(12 -5 1)
(14 -5 1)
(16 -5 1)
(18 -5 1)
(20 -5 1)
(22 -5 1)
(24 -5 1)
(26 -5 1)
(28 -5 1)
(30 -5 1)
(32 -5 1)
(34 -5 1)
(36 -5 1)
(38 -5 1)
(40 -5 1)
(42 -5 1)
(44 -5 1)
(46 -5 1)
(48 -5 1)
(50 -5 1)
(52 -5 1)
(54 -5 1)
(56 -5 1)
(58 -5 1)
(60 -5 1)
(62 -5 1)
(64 -5 1)
(66 -5 1)
(68 -5 1)
(70 -5 1)
(72 -5 1)
(74 -5 1)
(76 -5 1)
(78 -5 1)
(80 -5 1)
(82 -5 1)
(84 -5 1)
(86 -5 1)
(88 -5 1)
(90 -5 1)
(92 -5 1)
(94 -5 1)
(96 -5 1)
(98 -5 1)
(100 -5 1)
(-40 -3 1)
(-38 -3 1)
(-36 -3 1)
(-34 -3 1)
(-32 -3 1)
(-30 -3 1)
(-28 -3 1)
(-26 -3 1)
(-24 -3 1)
(-22 -3 1)
(-20 -3 1)
(-18 -3 1)
(-16 -3 1)
(-14 -3 1)
(-12 -3 1)
(-10 -3 1)
(-8 -3 1)
(-6 -3 1)
(-4 -3 1)
(-2 -3 1)
(-2.368475786e-15 -3 1)
(2 -3 1)
(4 -3 1)
(6 -3 1)
(8 -3 1)
(10 -3 1)
(12 -3 1)
(14 -3 1)
(16 -3 1)
(18 -3 1)
(20 -3 1)
(22 -3 1)
(24 -3 1)
(26 -3 1)
(28 -3 1)
(30 -3 1)
(32 -3 1)
(34 -3 1)
(36 -3 1)
(38 -3 1)
(40 -3 1)
(42 -3 1)
(44 -3 1)
(46 -3 1)
(48 -3 1)
(50 -3 1)
(52 -3 1)
(54 -3 1)
(56 -3 1)
(58 -3 1)
(60 -3 1)
(62 -3 1)
(64 -3 1)
(66 -3 1)
(68 -3 1)
(70 -3 1)
(72 -3 1)
(74 -3 1)
(76 -3 1)
(78 -3 1)
(80 -3 1)
(82 -3 1)
(84 -3 1)
(86 -3 1)
(88 -3 1)
(90 -3 1)
(92 -3 1)
(94 -3 1)
(96 -3 1)
(98 -3 1)
(100 -3 1)
(-40 -1 1)
(-38 -1 1)
(-36 -1 1)
(-34 -1 1)
(-32 -1 1)
(-30 -1 1)
(-28 -1 1)
(-26 -1 1)
(-24 -1 1)
(-22 -1 1)
(-20 -1 1)
(-18 -1 1)
(-16 -1 1)
(-14 -1 1)
(-12 -1 1)
(-10 -1 1)
(-8 -1 1)
(-6 -1 1)
(-4 -1 1)
(-2 -1 1)
(-1.776356839e-15 -1 1)
(2 -1 1)
(4 -1 1)
(6 -1 1)
(8 -1 1)
(10 -1 1)
(12 -1 1)
(14 -1 1)
(16 -1 1)
(18 -1 1)
(20 -1 1)
(22 -1 1)
(24 -1 1)
(26 -1 1)
(28 -1 1)
(30 -1 1)
(32 -1 1)
(34 -1 1)
(36 -1 1)
(38 -1 1)
(40 -1 1)
(42 -1 1)
(44 -1 1)
(46 -1 1)
(48 -1 1)
(50 -1 1)
(52 -1 1)
(54 -1 1)
(56 -1 1)
(58 -1 1)
(60 -1 1)
(62 -1 1)
(64 -1 1)
(66 -1 1)
(68 -1 1)
(70 -1 1)
(72 -1 1)
(74 -1 1)
(76 -1 1)
(78 -1 1)
(80 -1 1)
(82 -1 1)
(84 -1 1)
(86 -1 1)
(88 -1 1)
(90 -1 1)
(92 -1 1)
(94 -1 1)
(96 -1 1)
(98 -1 1)
(100 -1 1)
(-40 1 1)
(-38 1 1)
(-36 1 1)
(-34 1 1)
(-32 1 1)
(-30 1 1)
(-28 1 1)
(-26 1 1)
(-24 1 1)
(-22 1 1)
(-20 1 1)
(-18 1 1)
(-16 1 1)
(-14 1 1)
(-12 1 1)
(-10 1 1)
(-8 1 1)
(-6 1 1)
(-4 1 1)
(-2 1 1)
(-2.368475786e-15 1 1)
(2 1 1)
(4 1 1)
(6 1 1)
(8 1 1)
(10 1 1)
(12 1 1)
(14 1 1)
(16 1 1)
(18 1 1)
(20 1 1)
(22 1 1)
(24 1 1)
(26 1 1)
(28 1 1)
(30 1 1)
(32 1 1)
(34 1 1)
(36 1 1)
(38 1 1)
(40 1 1)
(42 1 1)
(44 1 1)
(46 1 1)
(48 1 1)
(50 1 1)
(52 1 1)
(54 1 1)
(56 1 1)
(58 1 1)
(60 1 1)
(62 1 1)
(64 1 1)
(66 1 1)
(68 1 1)
(70 1 1)
(72 1 1)
(74 1 1)
(76 1 1)
(78 1 1)
(80 1 1)
(82 1 1)
(84 1 1)
(86 1 1)
(88 1 1)
(90 1 1)
(92 1 1)
(94 1 1)
(96 1 1)
(98 1 1)
(100 1 1)
(-40 3 1)
(-38 3 1)
(-36 3 1)
(-34 3 1)
(-32 3 1)
(-30 3 1)
(-28 3 1)
(-26 3 1)
(-24 3 1)
(-22 3 1)
(-20 3 1)
(-18 3 1)
(-16 3 1)
(-14 3 1)
(-12 3 1)
(-10 3 1)
(-8 3 1)
(-6 3 1)
(-4 3 1)
(-2 3 1)
(-1.776356839e-15 3 1)
(2 3 1)
(4 3 1)
(6 3 1)
(8 3 1)
(10 3 1)
(12 3 1)
(14 3 1)
(16 3 1)
(18 3 1)
(20 3 1)
(22 3 1)
(24 3 1)
(26 3 1)
(28 3 1)
(30 3 1)
(32 3 1)
(34 3 1)
(36 3 1)
(38 3 1)
(40 3 1)
(42 3 1)
(44 3 1)
(46 3 1)
(48 3 1)
(50 3 1)
(52 3 1)
(54 3 1)
(56 3 1)
(58 3 1)
(60 3 1)
(62 3 1)
(64 3 1)
(66 3 1)
(68 3 1)
(70 3 1)
(72 3 1)
(74 3 1)
(76 3 1)
(78 3 1)
(80 3 1)
(82 3 1)
(84 3 1)
(86 3 1)
(88 3 1)
(90 3 1)
(92 3 1)
(94 3 1)
(96 3 1)
(98 3 1)
(100 3 1)
(-40 5 1)
(-38 5 1)
(-36 5 1)
(-34 5 1)
(-32 5 1)
(-30 5 1)
(-28 5 1)
(-26 5 1)
(-24 5 1)
(-22 5 1)
(-20 5 1)
(-18 5 1)
(-16 5 1)
(-14 5 1)
(-12 5 1)
(-10 5 1)
(-8 5 1)
(-6 5 1)
(-4 5 1)
(-2 5 1)
(-2.368475786e-15 5 1)
(2 5 1)
(4 5 1)
(6 5 1)
(8 5 1)
(10 5 1)
(12 5 1)
(14 5 1)
(16 5 1)
(18 5 1)
(20 5 1)
(22 5 1)
(24 5 1)
(26 5 1)
(28 5 1)
(30 5 1)
(32 5 1)
(34 5 1)
(36 5 1)
(38 5 1)
(40 5 1)
(42 5 1)
(44 5 1)
(46 5 1)
(48 5 1)
(50 5 1)
(52 5 1)
(54 5 1)
(56 5 1)
(58 5 1)
(60 5 1)
(62 5 1)
(64 5 1)
(66 5 1)
(68 5 1)
(70 5 1)
(72 5 1)
(74 5 1)
(76 5 1)
(78 5 1)
(80 5 1)
(82 5 1)
(84 5 1)
(86 5 1)
(88 5 1)
(90 5 1)
(92 5 1)
(94 5 1)
(96 5 1)
(98 5 1)
(100 5 1)
(-40 7 1)
(-38 7 1)
(-36 7 1)
(-34 7 1)
(-32 7 1)
(-30 7 1)
(-28 7 1)
(-26 7 1)
(-24 7 1)
(-22 7 1)
(-20 7 1)
(-18 7 1)
(-16 7 1)
(-14 7 1)
(-12 7 1)
(-10 7 1)
(-8 7 1)
(-6 7 1)
(-4 7 1)
(-2 7 1)
(-2.368475786e-15 7 1)
(2 7 1)
(4 7 1)
(6 7 1)
(8 7 1)
(10 7 1)
(12 7 1)
(14 7 1)
(16 7 1)
(18 7 1)
(20 7 1)
(22 7 1)
(24 7 1)
(26 7 1)
(28 7 1)
(30 7 1)
(32 7 1)
(34 7 1)
(36 7 1)
(38 7 1)
(40 7 1)
(42 7 1)
(44 7 1)
(46 7 1)
(48 7 1)
(50 7 1)
(52 7 1)
(54 7 1)
(56 7 1)
(58 7 1)
(60 7 1)
(62 7 1)
(64 7 1)
(66 7 1)
(68 7 1)
(70 7 1)
(72 7 1)
(74 7 1)
(76 7 1)
(78 7 1)
(80 7 1)
(82 7 1)
(84 7 1)
(86 7 1)
(88 7 1)
(90 7 1)
(92 7 1)
(94 7 1)
(96 7 1)
(98 7 1)
(100 7 1)
(-40 9 1)
(-38 9 1)
(-36 9 1)
(-34 9 1)
(-32 9 1)
(-30 9 1)
(-28 9 1)
(-26 9 1)
(-24 9 1)
(-22 9 1)
(-20 9 1)
(-18 9 1)
(-16 9 1)
(-14 9 1)
(-12 9 1)
(-10 9 1)
(-8 9 1)
(-6 9 1)
(-4 9 1)
(-2 9 1)
(-2.368475786e-15 9 1)
(2 9 1)
(4 9 1)
(6 9 1)
(8 9 1)
(10 9 1)
(12 9 1)
(14 9 1)
(16 9 1)
(18 9 1)
(20 9 1)
(22 9 1)
(24 9 1)
(26 9 1)
(28 9 1)
(30 9 1)
(32 9 1)
(34 9 1)
(36 9 1)
(38 9 1)
(40 9 1)
(42 9 1)
(44 9 1)
(46 9 1)
(48 9 1)
(50 9 1)
(52 9 1)
(54 9 1)
(56 9 1)
(58 9 1)
(60 9 1)
(62 9 1)
(64 9 1)
(66 9 1)
(68 9 1)
(70 9 1)
(72 9 1)
(74 9 1)
(76 9 1)
(78 9 1)
(80 9 1)
(82 9 1)
(84 9 1)
(86 9 1)
(88 9 1)
(90 9 1)
(92 9 1)
(94 9 1)
(96 9 1)
(98 9 1)
(100 9 1)
(-40 11 1)
(-38 11 1)
(-36 11 1)
(-34 11 1)
(-32 11 1)
(-30 11 1)
(-28 11 1)
(-26 11 1)
(-24 11 1)
(-22 11 1)
(-20 11 1)
(-18 11 1)
(-16 11 1)
(-14 11 1)
(-12 11 1)
(-10 11 1)
(-8 11 1)
(-6 11 1)
(-4 11 1)
(-2 11 1)
(-2.368475786e-15 11 1)
(2 11 1)
(4 11 1)
(6 11 1)
(8 11 1)
(10 11 1)
(12 11 1)
(14 11 1)
(16 11 1)
(18 11 1)
(20 11 1)
(22 11 1)
(24 11 1)
(26 11 1)
(28 11 1)
(30 11 1)
(32 11 1)
(34 11 1)
(36 11 1)
(38 11 1)
(40 11 1)
(42 11 1)
(44 11 1)
(46 11 1)
(48 11 1)
(50 11 1)
(52 11 1)
(54 11 1)
(56 11 1)
(58 11 1)
(60 11 1)
(62 11 1)
(64 11 1)
(66 11 1)
(68 11 1)
(70 11 1)
(72 11 1)
(74 11 1)
(76 11 1)
(78 11 1)
(80 11 1)
(82 11 1)
(84 11 1)
(86 11 1)
(88 11 1)
(90 11 1)
(92 11 1)
(94 11 1)
(96 11 1)
(98 11 1)
(100 11 1)
(-40 13 1)
(-38 13 1)
(-36 13 1)
(-34 13 1)
(-32 13 1)
(-30 13 1)
(-28 13 1)
(-26 13 1)
(-24 13 1)
(-22 13 1)
(-20 13 1)
(-18 13 1)
(-16 13 1)
(-14 13 1)
(-12 13 1)
(-10 13 1)
(-8 13 1)
(-6 13 1)
(-4 13 1)
(-2 13 1)
(-2.368475786e-15 13 1)
(2 13 1)
(4 13 1)
(6 13 1)
(8 13 1)
(10 13 1)
(12 13 1)
(14 13 1)
(16 13 1)
(18 13 1)
(20 13 1)
(22 13 1)
(24 13 1)
(26 13 1)
(28 13 1)
(30 13 1)
(32 13 1)
(34 13 1)
(36 13 1)
(38 13 1)
(40 13 1)
(42 13 1)
(44 13 1)
(46 13 1)
(48 13 1)
(50 13 1)
(52 13 1)
(54 13 1)
(56 13 1)
(58 13 1)
(60 13 1)
(62 13 1)
(64 13 1)
(66 13 1)
(68 13 1)
(70 13 1)
(72 13 1)
(74 13 1)
(76 13 1)
(78 13 1)
(80 13 1)
(82 13 1)
(84 13 1)
(86 13 1)
(88 13 1)
(90 13 1)
(92 13 1)
(94 13 1)
(96 13 1)
(98 13 1)
(100 13 1)
(-40 15 1)
(-38 15 1)
(-36 15 1)
(-34 15 1)
(-32 15 1)
(-30 15 1)
(-28 15 1)
(-26 15 1)
(-24 15 1)
(-22 15 1)
(-20 15 1)
(-18 15 1)
(-16 15 1)
(-14 15 1)
(-12 15 1)
(-10 15 1)
(-8 15 1)
(-6 15 1)
(-4 15 1)
(-2 15 1)
(-3.552713679e-15 15 1)
(2 15 1)
(4 15 1)
(6 15 1)
(8 15 1)
(10 15 1)
(12 15 1)
(14 15 1)
(16 15 1)
(18 15 1)
(20 15 1)
(22 15 1)
(24 15 1)
(26 15 1)
(28 15 1)
(30 15 1)
(32 15 1)
(34 15 1)
(36 15 1)
(38 15 1)
(40 15 1)
(42 15 1)
(44 15 1)
(46 15 1)
(48 15 1)
(50 15 1)
(52 15 1)
(54 15 1)
(56 15 1)
(58 15 1)
(60 15 1)
(62 15 1)
(64 15 1)
(66 15 1)
(68 15 1)
(70 15 1)
(72 15 1)
(74 15 1)
(76 15 1)
(78 15 1)
(80 15 1)
(82 15 1)
(84 15 1)
(86 15 1)
(88 15 1)
(90 15 1)
(92 15 1)
(94 15 1)
(96 15 1)
(98 15 1)
(100 15 1)
(-40 17 1)
(-38 17 1)
(-36 17 1)
(-34 17 1)
(-32 17 1)
(-30 17 1)
(-28 17 1)
(-26 17 1)
(-24 17 1)
(-22 17 1)
(-20 17 1)
(-18 17 1)
(-16 17 1)
(-14 17 1)
(-12 17 1)
(-10 17 1)
(-8 17 1)
(-6 17 1)
(-4 17 1)
(-2 17 1)
(-1.184237893e-15 17 1)
(2 17 1)
(4 17 1)
(6 17 1)
(8 17 1)
(10 17 1)
(12 17 1)
(14 17 1)
(16 17 1)
(18 17 1)
(20 17 1)
(22 17 1)
(24 17 1)
(26 17 1)
(28 17 1)
(30 17 1)
(32 17 1)
(34 17 1)
(36 17 1)
(38 17 1)
(40 17 1)
(42 17 1)
(44 17 1)
(46 17 1)
(48 17 1)
(50 17 1)
(52 17 1)
(54 17 1)
(56 17 1)
(58 17 1)
(60 17 1)
(62 17 1)
(64 17 1)
(66 17 1)
(68 17 1)
(70 17 1)
(72 17 1)
(74 17 1)
(76 17 1)
(78 17 1)
(80 17 1)
(82 17 1)
(84 17 1)
(86 17 1)
(88 17 1)
(90 17 1)
(92 17 1)
(94 17 1)
(96 17 1)
(98 17 1)
(100 17 1)
(-40 19 1)
(-38 19 1)
(-36 19 1)
(-34 19 1)
(-32 19 1)
(-30 19 1)
(-28 19 1)
(-26 19 1)
(-24 19 1)
(-22 19 1)
(-20 19 1)
(-18 19 1)
(-16 19 1)
(-14 19 1)
(-12 19 1)
(-10 19 1)
(-8 19 1)
(-6 19 1)
(-4 19 1)
(-2 19 1)
(-2.368475786e-15 19 1)
(2 19 1)
(4 19 1)
(6 19 1)
(8 19 1)
(10 19 1)
(12 19 1)
(14 19 1)
(16 19 1)
(18 19 1)
(20 19 1)
(22 19 1)
(24 19 1)
(26 19 1)
(28 19 1)
(30 19 1)
(32 19 1)
(34 19 1)
(36 19 1)
(38 19 1)
(40 19 1)
(42 19 1)
(44 19 1)
(46 19 1)
(48 19 1)
(50 19 1)
(52 19 1)
(54 19 1)
(56 19 1)
(58 19 1)
(60 19 1)
(62 19 1)
(64 19 1)
(66 19 1)
(68 19 1)
(70 19 1)
(72 19 1)
(74 19 1)
(76 19 1)
(78 19 1)
(80 19 1)
(82 19 1)
(84 19 1)
(86 19 1)
(88 19 1)
(90 19 1)
(92 19 1)
(94 19 1)
(96 19 1)
(98 19 1)
(100 19 1)
(-40 21 1)
(-38 21 1)
(-36 21 1)
(-34 21 1)
(-32 21 1)
(-30 21 1)
(-28 21 1)
(-26 21 1)
(-24 21 1)
(-22 21 1)
(-20 21 1)
(-18 21 1)
(-16 21 1)
(-14 21 1)
(-12 21 1)
(-10 21 1)
(-8 21 1)
(-6 21 1)
(-4 21 1)
(-2 21 1)
(-2.368475786e-15 21 1)
(2 21 1)
(4 21 1)
(6 21 1)
(8 21 1)
(10 21 1)
(12 21 1)
(14 21 1)
(16 21 1)
(18 21 1)
(20 21 1)
(22 21 1)
(24 21 1)
(26 21 1)
(28 21 1)
(30 21 1)
(32 21 1)
(34 21 1)
(36 21 1)
(38 21 1)
(40 21 1)
(42 21 1)
(44 21 1)
(46 21 1)
(48 21 1)
(50 21 1)
(52 21 1)
(54 21 1)
(56 21 1)
(58 21 1)
(60 21 1)
(62 21 1)
(64 21 1)
(66 21 1)
(68 21 1)
(70 21 1)
(72 21 1)
(74 21 1)
(76 21 1)
(78 21 1)
(80 21 1)
(82 21 1)
(84 21 1)
(86 21 1)
(88 21 1)
(90 21 1)
(92 21 1)
(94 21 1)
(96 21 1)
(98 21 1)
(100 21 1)
(-40 23 1)
(-38 23 1)
(-36 23 1)
(-34 23 1)
(-32 23 1)
(-30 23 1)
(-28 23 1)
(-26 23 1)
(-24 23 1)
(-22 23 1)
(-20 23 1)
(-18 23 1)
(-16 23 1)
(-14 23 1)
(-12 23 1)
(-10 23 1)
(-8 23 1)
(-6 23 1)
(-4 23 1)
(-2 23 1)
(-1.184237893e-15 23 1)
(2 23 1)
(4 23 1)
(6 23 1)
(8 23 1)
(10 23 1)
(12 23 1)
(14 23 1)
(16 23 1)
(18 23 1)
(20 23 1)
(22 23 1)
(24 23 1)
(26 23 1)
(28 23 1)
(30 23 1)
(32 23 1)
(34 23 1)
(36 23 1)
(38 23 1)
(40 23 1)
(42 23 1)
(44 23 1)
(46 23 1)
(48 23 1)
(50 23 1)
(52 23 1)
(54 23 1)
(56 23 1)
(58 23 1)
(60 23 1)
(62 23 1)
(64 23 1)
(66 23 1)
(68 23 1)
(70 23 1)
(72 23 1)
(74 23 1)
(76 23 1)
(78 23 1)
(80 23 1)
(82 23 1)
(84 23 1)
(86 23 1)
(88 23 1)
(90 23 1)
(92 23 1)
(94 23 1)
(96 23 1)
(98 23 1)
(100 23 1)
(-40 25 1)
(-38 25 1)
(-36 25 1)
(-34 25 1)
(-32 25 1)
(-30 25 1)
(-28 25 1)
(-26 25 1)
(-24 25 1)
(-22 25 1)
(-20 25 1)
(-18 25 1)
(-16 25 1)
(-14 25 1)
(-12 25 1)
(-10 25 1)
(-8 25 1)
(-6 25 1)
(-4 25 1)
(-2 25 1)
(-1.184237893e-15 25 1)
(2 25 1)
(4 25 1)
(6 25 1)
(8 25 1)
(10 25 1)
(12 25 1)
(14 25 1)
(16 25 1)
(18 25 1)
(20 25 1)
(22 25 1)
(24 25 1)
(26 25 1)
(28 25 1)
(30 25 1)
(32 25 1)
(34 25 1)
(36 25 1)
(38 25 1)
(40 25 1)
(42 25 1)
(44 25 1)
(46 25 1)
(48 25 1)
(50 25 1)
(52 25 1)
(54 25 1)
(56 25 1)
(58 25 1)
(60 25 1)
(62 25 1)
(64 25 1)
(66 25 1)
(68 25 1)
(70 25 1)
(72 25 1)
(74 25 1)
(76 25 1)
(78 25 1)
(80 25 1)
(82 25 1)
(84 25 1)
(86 25 1)
(88 25 1)
(90 25 1)
(92 25 1)
(94 25 1)
(96 25 1)
(98 25 1)
(100 25 1)
(-40 27 1)
(-38 27 1)
(-36 27 1)
(-34 27 1)
(-32 27 1)
(-30 27 1)
(-28 27 1)
(-26 27 1)
(-24 27 1)
(-22 27 1)
(-20 27 1)
(-18 27 1)
(-16 27 1)
(-14 27 1)
(-12 27 1)
(-10 27 1)
(-8 27 1)
(-6 27 1)
(-4 27 1)
(-2 27 1)
(-3.552713679e-15 27 1)
(2 27 1)
(4 27 1)
(6 27 1)
(8 27 1)
(10 27 1)
(12 27 1)
(14 27 1)
(16 27 1)
(18 27 1)
(20 27 1)
(22 27 1)
(24 27 1)
(26 27 1)
(28 27 1)
(30 27 1)
(32 27 1)
(34 27 1)
(36 27 1)
(38 27 1)
(40 27 1)
(42 27 1)
(44 27 1)
(46 27 1)
(48 27 1)
(50 27 1)
(52 27 1)
(54 27 1)
(56 27 1)
(58 27 1)
(60 27 1)
(62 27 1)
(64 27 1)
(66 27 1)
(68 27 1)
(70 27 1)
(72 27 1)
(74 27 1)
(76 27 1)
(78 27 1)
(80 27 1)
(82 27 1)
(84 27 1)
(86 27 1)
(88 27 1)
(90 27 1)
(92 27 1)
(94 27 1)
(96 27 1)
(98 27 1)
(100 27 1)
(-40 29 1)
(-38 29 1)
(-36 29 1)
(-34 29 1)
(-32 29 1)
(-30 29 1)
(-28 29 1)
(-26 29 1)
(-24 29 1)
(-22 29 1)
(-20 29 1)
(-18 29 1)
(-16 29 1)
(-14 29 1)
(-12 29 1)
(-10 29 1)
(-8 29 1)
(-6 29 1)
(-4 29 1)
(-2 29 1)
(-2.368475786e-15 29 1)
(2 29 1)
(4 29 1)
(6 29 1)
(8 29 1)
(10 29 1)
(12 29 1)
(14 29 1)
(16 29 1)
(18 29 1)
(20 29 1)
(22 29 1)
(24 29 1)
(26 29 1)
(28 29 1)
(30 29 1)
(32 29 1)
(34 29 1)
(36 29 1)
(38 29 1)
(40 29 1)
(42 29 1)
(44 29 1)
(46 29 1)
(48 29 1)
(50 29 1)
(52 29 1)
(54 29 1)
(56 29 1)
(58 29 1)
(60 29 1)
(62 29 1)
(64 29 1)
(66 29 1)
(68 29 1)
(70 29 1)
(72 29 1)
(74 29 1)
(76 29 1)
(78 29 1)
(80 29 1)
(82 29 1)
(84 29 1)
(86 29 1)
(88 29 1)
(90 29 1)
(92 29 1)
(94 29 1)
(96 29 1)
(98 29 1)
(100 29 1)
(-40 31 1)
(-38 31 1)
(-36 31 1)
(-34 31 1)
(-32 31 1)
(-30 31 1)
(-28 31 1)
(-26 31 1)
(-24 31 1)
(-22 31 1)
(-20 31 1)
(-18 31 1)
(-16 31 1)
(-14 31 1)
(-12 31 1)
(-10 31 1)
(-8 31 1)
(-6 31 1)
(-4 31 1)
(-2 31 1)
(-2.368475786e-15 31 1)
(2 31 1)
(4 31 1)
(6 31 1)
(8 31 1)
(10 31 1)
(12 31 1)
(14 31 1)
(16 31 1)
(18 31 1)
(20 31 1)
(22 31 1)
(24 31 1)
(26 31 1)
(28 31 1)
(30 31 1)
(32 31 1)
(34 31 1)
(36 31 1)
(38 31 1)
(40 31 1)
(42 31 1)
(44 31 1)
(46 31 1)
(48 31 1)
(50 31 1)
(52 31 1)
(54 31 1)
(56 31 1)
(58 31 1)
(60 31 1)
(62 31 1)
(64 31 1)
(66 31 1)
(68 31 1)
(70 31 1)
(72 31 1)
(74 31 1)
(76 31 1)
(78 31 1)
(80 31 1)
(82 31 1)
(84 31 1)
(86 31 1)
(88 31 1)
(90 31 1)
(92 31 1)
(94 31 1)
(96 31 1)
(98 31 1)
(100 31 1)
(-40 33 1)
(-38 33 1)
(-36 33 1)
(-34 33 1)
(-32 33 1)
(-30 33 1)
(-28 33 1)
(-26 33 1)
(-24 33 1)
(-22 33 1)
(-20 33 1)
(-18 33 1)
(-16 33 1)
(-14 33 1)
(-12 33 1)
(-10 33 1)
(-8 33 1)
(-6 33 1)
(-4 33 1)
(-2 33 1)
(-2.368475786e-15 33 1)
(2 33 1)
(4 33 1)
(6 33 1)
(8 33 1)
(10 33 1)
(12 33 1)
(14 33 1)
(16 33 1)
(18 33 1)
(20 33 1)
(22 33 1)
(24 33 1)
(26 33 1)
(28 33 1)
(30 33 1)
(32 33 1)
(34 33 1)
(36 33 1)
(38 33 1)
(40 33 1)
(42 33 1)
(44 33 1)
(46 33 1)
(48 33 1)
(50 33 1)
(52 33 1)
(54 33 1)
(56 33 1)
(58 33 1)
(60 33 1)
(62 33 1)
(64 33 1)
(66 33 1)
(68 33 1)
(70 33 1)
(72 33 1)
(74 33 1)
(76 33 1)
(78 33 1)
(80 33 1)
(82 33 1)
(84 33 1)
(86 33 1)
(88 33 1)
(90 33 1)
(92 33 1)
(94 33 1)
(96 33 1)
(98 33 1)
(100 33 1)
)


// ************************************************************************* //
